Zeus Contable
Importacion de Transacciones

1005100054
1005100055
1005100056
1009201010
1011200071
1011200072
1011200073
1011200074
1011200075
1011200077
1011200079
1011200080
1011200081
1011200082
1011200083
1011200084
1011200085
1011200086
1011200087
1011200089
1011200090
1011200091
1011200092
1011200093
1011200094
1011200095
1011200096
1011200097
1011200098
1011200099
1011200100
1011200101
1011200105
1011200108
1011200109
1011200110
1011200111
1011200112
1011200113
1011200114
1011200115
1011200117
1011200118
1019190001
1019190002
1019190003
1019193001
1019193002
1019193003
1019194001
1019194002
1019194003
1019195001
1019195002
1019195003
1019196001
1019196002
1019196003
1019197001
1019197002
1019197003
1019198001
1019198002
1019198003
1019199001
1019199002
1019199003
1019200001
1019200002
1019200003
1019201001
1019201002
1019201003
1019202001
1019202002
1019202003
1019203001
1019203002
1019203003
1019204001
1019204002
1019204003
1019205001
1019205002
1019205003
1019206001
1019206002
1019206003
1019207001
1019207002
1019207003
1019208001
1019208002
1019208003
1019210001
1019210002
1019210003
1019213001
1019213002
1019213003
1019214001
1019214002
1019214003
1019215001
1019215002
1019215003
1019216002
1019216003
1019217001
1019217002
1019217003
1019218001
1019218002
1019218003
1019219002
1019219003
1019220001
1019220002
1019220003
1019221001
1019221003
1019222001
1019222002
1019222003
1019223003
1021104095
1021106088
1024200414
1024200424
1027200006
2011200002
2011200003
5004204046
5005200084
5005400086
2000300011
2005601020
2005601021
2005601024
2005601025
2005601027
2005601028
2005601029
2005601030
2005601031
2005601032
2005601033
2005601034
2005601035
2005601036
2005601037
2005601038
2005601040
2005602002
2005602006
2005602007
2005602008
2005602012
2005602013
2005602017
2005602019
2005602021
2007100010
2015200595
2015200597
2015200598
2016200002
2016200003
2016200004
4000100009
4000200009
4003202013
4003204013
